iranDeal ,voteFuture ,votePast ,caffeineWeekly ,coffeeWeekly ,studyWeekly ,futurePessimism ,partyID,efficiencyTime
0,1,1,12,7,6,8,-2,16.5
1,1,0,3,3,3,3,-1,13.5
-1,1,0,12,12,5,2,2,22.5
1,1,0,12,12,2,5,-1,22.5
1,1,0,1,0,4,3,2,22.5
-1,0,0,5,0,5,3,1,7.5
-1,1,0,1,0,4,3,0,7.5
1,1,0,7,2,2,5,-2,22.5
1,1,0,15,12,4,3,2,22.5
0,1,1,12,12,7,7,0,13.5
1,NA,1,30,7,5,9,2,10.5
1,1,1,16,14,4.5,3,2,22.5
1,1,1,10,0,6,5,2,19.5
-1,1,0,0,0,3.5,2,0,10.5
1,1,1,0,10,6,3,1,3
-1,1,0,5,2,2,8,0,22.5
1,1,1,3,0,5,5,2,3
1,1,1,7,7,5,7,2,10.5
1,1,1,2,1,100,3,2,10.5
1,1,1,5,0,2,6,2,22.5
1,0,0,2,0,5,7,2,22.5
